2015400231 36
2014400000 52
2008400186 19
2014400105 69
2014400024 42
2014400150 48
2015400213 85
2016742000 51
2011400366 yok
2014400111 52
2013400042 46
2013400084 24
2014400072 82
2014400138 54
2016400372 43
2015400120 88
2014400129 58
2015400174 60
2014400009 65
2015400267 yok
2013400105 79
2014400207 75
2015400222 yok
2014400057 82
2012402015 60
2013400195 yok
2013400006 29
2012400054 23
2014400153 yok
2014400063 34
2009400102 yok
2014400015 33
2014400162 42
2016400288 yok
2010400168 yok
2015400027 89
2014400006 77
2014400189 66
2014400186 53
2014400147 yok
2014400102 59
2015400087 68
2015400099 64
2014400066 58
2014400201 47
2014400171 56
2014400117 yok
2013400078 23
2014400198 67
2013400057 74
2012400015 53
2013400033 26
2014400075 53
2014400123 59
2015400243 56
2011400378 yok
2014400258 31
2014400108 33
2015400246 61
2014400078 48
2007102944 yok
2014400144 53
2005200133 yok
2014400156 39
2015400252 50
2004100121 yok
2012400129 15
2009400087 35
2016400270 63
2014400036 75
2012400045 26
2014400069 yok
2007000010 yok
2013400117 43
2010400048 13
2015400210 yok
2014400219 67
2008400120 25
2013400183 7
2011104090 52
2013400015 52
2014400096 88
2014400165 64
2012400198 59
2007100367 yok
2014400081 52
2009400165 yok
2009400015 23
2014400168 76
2014400135 29
2014400183 67
2013400210 29
2016400249 73
2013400063 16
2014400084 47
2015400195 64
2015400228 72
2006200149 yok
