2004100121
2005200133
2006200149
2007000010
2007100367
2007102944
2008400120
2008400186 9
2009400015
2009400087 34
2009400102 20
2009400165 25
2010400048 39
2010400168 8
2011104090 54
2011400366
2011400378
2012400015 26
2012400045 23
2012400054 20
2012400129 36
2012400198 22
2012402015 43
2013400006 14
2013400015 11
2013400033 51
2013400042 61
2013400057 70
2013400063 13
2013400078 6
2013400084 33
2013400105 83
2013400117 68
2013400183 49
2013400195 15
2013400210 20
2014400000 35
2014400006 82
2014400009 62
2014400015 25
2014400024 15
2014400036 53
2014400057 56
2014400063 30
2014400066 48
2014400069 6
2014400072 54
2014400075 44
2014400078 48
2014400081 77
2014400084 22
2014400096 69
2014400102 50
2014400105 59
2014400108 22
2014400111 50
2014400117
2014400123 69
2014400129 52
2014400135 45
2014400138 36
2014400144 30
2014400147
2014400150 38
2014400153 24
2014400156 28
2014400162 43
2014400165 40
2014400168 75
2014400171 63
2014400183 53
2014400186 11
2014400189 43
2014400198 32
2014400201 66
2014400207 54
2014400219 74
2014400258 23
2015400027 73
2015400087 71
2015400099 61
2015400120 77
2015400174 34
2015400195 54
2015400210 30
2015400213 87
2015400222
2015400228 90
2015400231 70
2015400243 32
2015400246 54
2015400252 28
2015400267 9
2016400249 61
2016400270 59
2016400288 7
2016400372 40
2016742000 41
