2004100121 1
2005200133 0
2006200149 0
2007000010 0
2007100367 0
2007102944 0
2008400120 0
2008400186 7
2009400015 1
2009400087 0
2009400102 4
2009400165 7
2010400048 5
2010400168 1
2011104090 12
2011400366 0
2011400378 4
2012400015 4
2012400045 4
2012400054 1
2012400129 2
2012400198 6
2012402015 8
2013400006 8
2013400015 6
2013400033 9
2013400042 5
2013400057 14
2013400063 3
2013400078 4
2013400084 10
2013400105 9
2013400117 5
2013400183 8
2013400195 1
2013400210 3
2014400000 11
2014400006 13
2014400009 15
2014400015 5
2014400024 5
2014400036 10
2014400057 10
2014400063 6
2014400066 4
2014400069 3
2014400072 8
2014400075 6
2014400078 10
2014400081 13
2014400084 0
2014400096 12
2014400102 10
2014400105 6
2014400108 13
2014400111 5
2014400117 0
2014400123 15
2014400129 10
2014400135 7
2014400138 5
2014400144 8
2014400147 1
2014400150 8
2014400153 4
2014400156 12
2014400162 6
2014400165 5
2014400168 14
2014400171 8
2014400183 9
2014400186 7
2014400189 10
2014400198 2
2014400201 2
2014400207 7
2014400219 13
2014400258 10
2015400027 17
2015400087 9
2015400099 14
2015400120 9
2015400174 9
2015400195 16
2015400210 3
2015400213 16
2015400222 0
2015400228 17
2015400231 6
2015400243 7
2015400246 10
2015400252 11
2015400267 1
2016400249 11
2016400270 9
2016400288 5
2016400372 6
2016742000 8
