2013400006
70
2008400120
41.25
2008400186
105
2009400015
0
2009400087
0
2009400102
0
2010400048
76
2010400168
26
2011104090
103
2012400015
103
2012400045
103
2012400054
0
2012400129
47.5
2012400198
44
2012402015
95
2013400015
93
2013400033
103
2013400033
67.5
2013400057
102
2013400063
108
2013400078
47.5
2013400084
103
2013400105
103
2013400117
98
2013400183
105
2013400195
0
2013400210
57.75
2014400000
95.5
2014400006
105
2014400009
103
2014400015
38.75
2014400024
103
2014400036
100.5
2014400057
101
2014400063
100
2014400066
103
2014400069
0
2014400072
105
2014400075
83
2014400078
103
2014400081
103
2014400084
105
2014400096
105
2014400102
101
2014400105
103
2014400108
103
2014400111
103
2014400123
105
2014400129
103
2014400135
75.5
2014400138
97.5
2014400144
86.5
2014400150
103
2014400153
80.5
2014400156
103
2014400162
88
2014400165
105
2014400168
103
2014400171
103
2014400183
103
2014400186
93
2014400189
105
2014400198
103
2014400201
103
2014400207
103
2014400219
105
2014400258
45
2015400027
105
2015400087
105
2015400099
103
2015400120
103
2015400174
105
2015400195
103
2015400210
40
2015400213
103
2015400228
105
2015400231
103
2015400243
103
2015400246
105
2015400252
79.25
2015400267
103
2016400249
100
2016400270
103
2016400288
28
2016400372
101
2016742000
100.5
