2004100121
2005200133
2006200149
2007000010
2007100367
2007102944
2008400120
2008400186
2009400015
2009400087
2009400102
2009400165
2010400048
2010400168
2011104090
2011400366
2011400378
2012400015
2012400045
2012400054
2012400129
2012400198
2012402015
2013400006
2013400015
2013400033
2013400042
2013400057
2013400063
2013400078
2013400084
2013400105
2013400117
2013400183
2013400195
2013400210
2014400000
2014400006
2014400009
2014400015
2014400024
2014400036
2014400057
2014400063
2014400066
2014400069
2014400072
2014400075
2014400078
2014400081
2014400084
2014400096
2014400102
2014400105
2014400108
2014400111
2014400117
2014400123
2014400129
2014400135
2014400138
2014400144
2014400147
2014400150
2014400153
2014400156
2014400162
2014400165
2014400168
2014400171
2014400183
2014400186
2014400189
2014400198
2014400201
2014400207
2014400219
2014400258
2015400027
2015400087
2015400099
2015400120
2015400174
2015400195
2015400210
2015400213
2015400222
2015400228
2015400231
2015400243
2015400246
2015400252
2015400267
2016400249
2016400270
2016400288
2016400372
2016742000
